<?xml version="1.0"?>
<opencv_storage>
<K type_id="opencv-matrix">
  <rows>3</rows>
  <cols>3</cols>
  <dt>d</dt>
  <data>
    1.5310860963620785e+03 0. 1.0323701881243896e+03 0.
    1.5338743967892756e+03 7.9679561738403640e+02 0. 0. 1.</data></K>
<dist type_id="opencv-matrix">
  <rows>1</rows>
  <cols>5</cols>
  <dt>d</dt>
  <data>
    -2.4761730348502913e-02 5.8218203037969471e-02
    3.2020926248899715e-03 2.0092749733279418e-03
    -5.2283546626817161e-02</data></dist>
</opencv_storage>
