<?xml version="1.0"?>
<opencv_storage>
<K type_id="opencv-matrix">
  <rows>3</rows>
  <cols>3</cols>
  <dt>d</dt>
  <data>
    2.7996298499346331e+03 0. 2.0013448403245666e+03 0.
    2.8091331154839813e+03 1.5027170093205539e+03 0. 0. 1.</data></K>
<dist type_id="opencv-matrix">
  <rows>1</rows>
  <cols>5</cols>
  <dt>d</dt>
  <data>
    -3.4949633291646028e-02 -3.5432732705645384e-02
    -8.8782941129586501e-04 2.6945915284822546e-03
    4.6259528836105207e-02</data></dist>
</opencv_storage>
